$ANSIBLE_VAULT;1.1;AES256
38326339353265363136626366643463653265343032633764333630373438313632646162323434
3733633666616530646462313538323164626266363263350a613436643639313239646565343563
65656463366534303066316636613366366663626436666263396233646661356366653332346436
6631366531623038660a326132646663653663383464346339653964613831313265346438323933
38303637643832613433643138386434316132306462663830353631326532633536333639363835
64303132626537343339633465383861646638383461653139303430363133633162643064333266
34626665323939323166336631646331623935633737663431626265353765373765636634393333
35373937353930393265663363343731393031373463363265393066636363386636613137346237
62313135343464663236323665366331623831376530616135646634346538306466353836323461
63613266356531373731643433646335396265376561386431636431313131316631633831396266
37373038303930376465303863306537653434363630343534353437336561316537343436386562
32316135646436343764303366353534313336323866643538613538643838626137323161653434
63646638373034313264653661323630356264303464656631326531623538636435363830653666
39323138346132363165646330356534633661306639396462623636323666653265326136363737
30626534653862393534636437663938663637623739633035653635643738616439623335346164
32626663613864366339616333353034383566333639306239626164393863656432343437663739
3365
